%YAML:1.0
---
K: !!opencv-matrix
   rows: 3
   cols: 3
   dt: d
   data: [ 1.4109783873986503e+03, 0., 9.5874222351204332e+02, 0.,
       1.4102028573625632e+03, 5.4948497502265627e+02, 0., 0., 1. ]
D: !!opencv-matrix
   rows: 1
   cols: 5
   dt: d
   data: [ 3.9039330491598877e-02, -2.2797071348585993e-01,
       -1.1703590104003828e-03, -1.6147474598345472e-04,
       2.4035667750020775e-01 ]
